

min-val=  0.0 
point=    (5.0 5.0) 
num_calc= 7178 


min-val=  0.005597825778511732d0 
point=    (0.9266303752165952d0 0.8601091984367486d0) 
num_calc= 7178 


min-val=  -63.63496992260622d0 
point=    (-8.096752096686336d0) 
num_calc= 7178 

